MutationType	SBS96A	SBS96B	SBS96C	SBS96D	SBS96E	SBS96F	SBS96G	SBS96H	SBS96I
A[C>A]A	0.0009457293990258365	0.0014096507831880772	0.0027238024359212466	0.0028762263287381755	0.019529520848300307	0.010822271131910383	0.022508980920538307	0.03758707333356142	0.015679056078661234
A[C>A]C	0.001028728624795851	0.0019352643570891815	0.00113655476476781	0.0011603805162849312	0.006993878576322459	0.002131915083155036	0.006544671868323348	0.01678274276666343	0.009260266524506733
A[C>A]G	0.002045008935714918	0.0037087656348012386	0.00585930282366462	0.004480478944024071	0.004032557513564825	0.002078004388369834	0.008234590054489671	0.013254650086164475	0.007195647082990035
A[C>A]T	0.0006302151355703244	0.001229333089722786	0.0015927900693350238	0.002917749140870001	0.008006457298179157	0.0015896786391931528	0.007855306333351565	0.017780230939388277	0.014613184267655016
A[C>G]A	0.004472627076902427	0.0035821480122939908	0.004096089255181141	0.004731180765957106	0.006266690964694135	0.004734330844949	0.00532889244845137	0.0023775068984832615	0.007412281344877556
A[C>G]C	0.0030873601464554666	0.003666705448704306	0.004164691624755506	0.0036110280038903564	0.006223288678447716	0.0049583760194946685	0.0013914067029523736	0.0023136448746663516	0.0015208896377983195
A[C>G]G	0.002577789618153474	0.00526112041000772	0.003584462914915889	0.005111533675225814	0.0033935391415541006	0.005541802698862739	0.0026712941286328373	0.00014962264831126505	1.2993011322350867e-05
A[C>G]T	0.0022281925019342454	0.0022152113648189697	0.0025024631881387905	0.0033330206312530207	0.0010957756365678505	0.0010585770731995582	0.0041719749713553965	0.003485163948898844	0.003253461228775363
A[C>T]A	0.022984716668725015	0.02012359171640128	0.02016077343840152	0.01259484033798799	0.009940355191356503	0.016644688965752722	0.01781533930450678	0.00991482982528396	0.02456081657670438
A[C>T]C	0.017772111939266325	0.014255437795072793	0.013940271125175058	0.012462509493343533	0.008600883255712687	0.014097438910976052	0.013980988580733537	0.0080611985293217	0.009837870181072503
A[C>T]G	0.029545748438686133	0.029251312986016274	0.03139194294810295	0.025602283757179975	0.02406918833963573	0.033695690631866455	0.018711322145536544	0.014662636443972588	0.01935981884598732
A[C>T]T	0.022902796510607004	0.023172645438462494	0.024913655063137412	0.02240092261694372	0.011830380023726009	0.026121667735278607	0.010991239768918604	0.0075192974344827235	0.017805300047621132
A[T>A]A	0.001962457299578091	0.0026798411349407657	0.0036755902750883252	0.003451351797048119	0.004344620920019224	0.003558329947627499	0.001390215170842417	0.004781942437693943	0.0018052153061326947
A[T>A]C	0.0006286491111934234	0.0014440494473092259	0.0024403713126947718	0.0015234441429557255	0.0012450438298401423	0.0043345461488934235	0.006644345306790029	0.0005037357021757316	0.0013294915206084035
A[T>A]G	0.00232651908537299	0.004121514843136538	0.008391318697249517	0.005635234359784311	0.0027686792513122783	0.00910907999263145	0.010562573194038123	0.011710222326219082	0.001304816274447036
A[T>A]T	0.0009962318714428877	0.0033902103488799183	0.003512465287640225	0.0014380825108673892	0.0008783239398196628	0.0037157891187234783	0.0062470257165841755	0.003431873331137467	0.00959854634428865
A[T>C]A	0.02270855366718024	0.024466860776301474	0.02802149129100144	0.032791194580495356	0.027715278072282672	0.02594032319262624	0.013363780070794746	0.015717565226368607	0.014564090685453265
A[T>C]C	0.018560793586075305	0.018089992604218424	0.023615056332200766	0.020150705021806062	0.025119830090552568	0.017897007795982064	0.00701544210780412	0.011653065385762601	0.006225961104501038
A[T>C]G	0.028259460628032685	0.010494781518355012	0.015582385873422026	0.013611567385960371	0.014151190805714578	0.011891225189901888	0.013315383410081268	0.008204995624255388	0.011248711715452372
A[T>C]T	0.03040859267115593	0.031942773082992065	0.027244100468233227	0.036023937705904244	0.03432490196079016	0.03810533292591572	0.016323932241648437	0.0126836899924092	0.011287542785285041
A[T>G]A	0.003208165960696121	0.0029938820490497163	0.0024016341440437827	0.0034089448509621433	0.004055646800698014	0.0041881454986287285	0.007415084493113682	0.005878867123974487	0.004024242789184313
A[T>G]C	0.00332602177222725	0.003669898773850946	0.00440368547977414	0.004069463896448724	0.002813978128656913	0.0013216621686311214	1.4090092321676905e-05	0.008723648666637019	6.086349040757e-08
A[T>G]G	0.004975600186735391	0.006115989057871047	0.007233289077412337	0.006495483083417639	0.0066724686627276245	0.0038803801214089616	0.001469987411183542	0.004790555077488534	0.004276771822570708
A[T>G]T	0.002506738909287378	0.003408622246088271	0.0022024096087452246	0.003969164298323449	0.0034764474679832348	0.0036542071541771294	0.0015343945761540922	0.0023345222242642195	0.0013702756794727123
C[C>A]A	0.004874529662774876	0.01017647601547651	0.00937185914372094	0.006753284988226369	0.01782856627833098	0.009819874331587925	0.02543381115421653	0.05130924187600613	0.027816220140084624
C[C>A]C	0.004640382247744128	0.004487359596130887	0.009450839431374335	0.008396325645736127	0.011951709820423276	0.006807869608746841	0.021538432277739047	0.04348913595080375	0.009911227414850145
C[C>A]G	0.012825454948469997	0.016043853373266758	0.01787513113580644	0.016563776512630284	0.013027168159896973	0.013088686070404946	0.005779644157737494	0.030025565102696418	0.0078000078913328256
C[C>A]T	0.0015344003510773252	0.008655808492330835	0.004521071827193737	0.006102610661732797	0.010562161035195458	0.010411500567570328	0.014615625529550015	0.03341205921024084	0.012376927139703184
C[C>G]A	0.0046329824533313515	0.0016742024830091395	0.0021986931854917203	0.0016260010840778705	0.0017350794783851653	0.0017137053252736223	0.005969958201204832	0.003589196042303229	0.006388190106184766
C[C>G]C	0.00634863548213616	0.0020479820025374805	0.002335081104756682	0.002082057528241421	0.001531349784345366	0.002732714191661216	0.0013066622200689792	0.0013930229074776434	0.00168780768764762
C[C>G]G	0.012702270094305277	0.007330854320316576	0.008534270689360426	0.007508062685083132	0.00811189471422793	0.004242531535273883	0.0014887721066503801	0.0027065210932050833	0.0014846675690304777
C[C>G]T	0.002570177518064156	0.0016028381382056978	0.0018730834752204828	0.0014728272549109742	0.0008428925336193067	0.0008478025600197725	0.005007837925999894	0.0011151290288398741	0.0079302183247637
C[C>T]A	0.023732287688180805	0.020847266381606458	0.020861894348636268	0.01821638545021415	0.01775588807184249	0.02845170585438609	0.02856603929772973	0.008816203561145812	0.02480610618367791
C[C>T]C	0.02181589341722429	0.020137568656355142	0.020297156106680633	0.020396495703607798	0.020816968800500036	0.016276845019310714	0.026574845034629105	0.015427461401559412	0.019696483006700873
C[C>T]G	0.0295094421133399	0.03798039890825748	0.0418140371888876	0.037839076183736324	0.028322522229282186	0.04153351591899991	0.03070885400287807	0.02919248731806874	0.02575184211600572
C[C>T]T	0.03420233402401209	0.04055954605340958	0.033905085679143666	0.04044384503737092	0.03469587747938931	0.044538595974445344	0.02126502781175077	0.019796573407948017	0.012520882367389276
C[T>A]A	0.004613952772924677	0.004199127566631091	0.006118250880390406	0.0029174913984024897	0.0037242593696578297	0.004934434594615595	0.0016159711397761888	0.006280458229884971	0.001289549189793071
C[T>A]C	0.005526927133323625	0.00556550400913693	0.00532742528419476	0.004408787764841691	0.006100696767680347	0.005440346148097888	0.006972052893834188	0.008063556673005224	0.011387662354391068
C[T>A]G	0.017981705199927093	0.013250403343699873	0.01805530745536089	0.0156537530105561	0.01188570148544386	0.015168399028480052	0.011453128925058991	0.013298750831745565	0.0045260738568484275
C[T>A]T	0.004724222333170474	0.0030003230937290935	0.0035318271408323197	0.004863699716515839	0.003629434336326085	0.001861682607268449	0.001737107918474443	0.0014303922796898405	0.007744110862258822
C[T>C]A	0.01670384598430246	0.014539161096327007	0.01872618393972516	0.022783996453508735	0.023295420780777933	0.01658482290338725	0.010985989395994693	0.012317881521303206	0.006125737013644539
C[T>C]C	0.01447205303236842	0.01301244926532334	0.01583824533969164	0.01502828713040799	0.013130284354556352	0.02140099462121725	0.025991224288009106	0.014228117456659674	0.01295233387965709
C[T>C]G	0.02499614673666656	0.014439476991537959	0.011152421574806795	0.013377563728718088	0.00790167269180552	0.015442658481188119	0.017606882920954376	0.015507701728492975	0.010429541831836104
C[T>C]T	0.027299831435084344	0.030227206000126898	0.030090137738734483	0.03228194830939174	0.032265668008476495	0.030302396938204766	0.020148506821133196	0.017701972834765912	0.014554046346456745
C[T>G]A	0.0028408588535967284	0.0010785621924208075	0.002809738623772251	0.0024744297194411046	0.0016718696095867358	0.003179736741294619	0.002650906526480945	0.0010024715631516302	0.0018123120781152835
C[T>G]C	0.006474898776505142	0.003955004271119833	0.0017428095120703801	0.00269297388214909	0.004968420478980988	0.0008707826871165025	0.0024949627103939063	0.002626528131950181	0.0035899145491127627
C[T>G]G	0.01208165671210736	0.002919393861811841	0.004267713728109401	0.0065567040606401865	0.005239869765155163	0.0009716748048958834	0.00421222799162436	0.004132333840243518	0.001514272431911099
C[T>G]T	0.0032549139187904074	0.0019376562058496915	0.003856540512551021	0.003902098767577268	0.0020760987308861443	0.0015398835080850403	9.259182320590753e-05	0.0015826707443920896	9.4843366653663e-08
G[C>A]A	0.005399601912358776	0.00751424055313699	0.005440685044803431	0.006203782865486574	0.01855572746600956	0.008016548278174013	0.024469893360510468	0.03383321940898895	0.03919891381636262
G[C>A]C	0.0010993920452641243	0.00438722199619171	0.003131008531811178	0.0025087379019765933	0.010785507765831426	0.0071178981746197675	0.03145213976502419	0.026560774091631174	0.04535035753622651
G[C>A]G	0.00919731347123161	0.01448669590987265	0.012657315756659954	0.012427929663099349	0.013904732805676757	0.007689095572277438	0.009588794286828487	0.019354473100975156	0.006518981828121468
G[C>A]T	0.0012264623853407456	0.004648800544292791	0.0032973592471171286	0.004163772873580456	0.007851642116438597	0.004811660851992206	0.01892719610128552	0.016524991861078888	0.030266626589000225
G[C>G]A	0.005399763865862042	0.0051992085406527624	0.005071434636774939	0.005883014320861548	0.007504201182164252	0.004331809063151013	0.0001562212932886098	0.0054198247962631285	0.0030705296040916606
G[C>G]C	0.005036650636757258	0.006598875382915139	0.00603463364765048	0.0036624441837193444	0.007006576517596841	0.004457989051006734	0.0040629866963718085	0.0038160217397671657	0.0036278578861346665
G[C>G]G	0.005404097377322614	0.007074634720867152	0.007132920278818347	0.006621731575578451	0.005722490002664244	0.007474796466995031	7.039828902859923e-05	0.006332398353260942	0.003119101212472195
G[C>G]T	0.002537427895149449	0.0013823146343565895	0.0036924224928952753	0.002173496232862817	0.0019634107901947574	0.0025035899635986424	0.0051126296094277275	0.0031510527903448843	0.009601412278134375
G[C>T]A	0.018833819469437005	0.01407618633005768	0.012157357905525714	0.011976872752420605	0.009097056202590466	0.016580207515507938	0.023673977740108966	0.007398727122636046	0.023668670505285264
G[C>T]C	0.01729000641964376	0.020465538911521433	0.013184359037703075	0.014273945711320266	0.007780985538265668	0.02176925416570157	0.03871196642518043	0.015107103330235922	0.03856057764962315
G[C>T]G	0.02573907157406211	0.03231745231896639	0.027876876019872723	0.018293047375045716	0.02380529785528779	0.018501286935061215	0.019982034964486958	0.011462548985145987	0.03180224653333426
G[C>T]T	0.02812442441470921	0.03523090030997991	0.02658213802613318	0.025031722830608488	0.02480156582314521	0.02922659330070019	0.01682066612644121	0.008497149568283931	0.013563577367458493
G[T>A]A	0.0030157823121408	0.0028171629417920487	0.0031804865357116796	0.0025543164447442133	0.0034841323440931715	0.002252947275063164	0.005631944253020009	0.004119509344454855	0.003743874882528324
G[T>A]C	0.001305367077802657	0.003628035610890947	0.0022446467975555605	0.0017587070851703857	0.0030622055531421212	0.0015536651274305768	0.00245469125130537	0.0019198498595869751	0.0070146396697806776
G[T>A]G	0.00660437396960333	0.010644269421463832	0.006350076843518764	0.007640184251868049	0.005351842317107867	0.0033213284946396015	0.010825402286864119	0.008511364080477505	0.01302262518554926
G[T>A]T	0.0010934192768763751	0.003129558204927889	0.0025765148698702906	0.0015313353643250593	0.0013938867997785565	0.0016332249830156797	0.005877839918488226	0.0045604846300557255	0.0061463107780696195
G[T>C]A	0.016003997954539953	0.013003722664434463	0.01264579748228499	0.015627990756183863	0.017676010644063354	0.013559632124379278	0.00833686784899328	0.0055108341778395695	0.007670255480334163
G[T>C]C	0.014338319152593614	0.013013397493632511	0.010623474547173828	0.01478798579890281	0.010707349425647408	0.012101256240857765	0.007356750755570829	0.009744794389698655	0.009272115787025541
G[T>C]G	0.01733954875729978	0.005155441301178837	0.009176096119902812	0.005982048344303439	0.004620097449078629	0.012084915432496927	0.0076674410724081096	0.006410523367958376	0.011216459588613361
G[T>C]T	0.030683423615992068	0.029340792996808886	0.02577818866659072	0.03564198300242424	0.034529077932238576	0.02073852482251823	0.011955363028682768	0.013149799035163596	0.006303661098936573
G[T>G]A	0.003977619080978911	0.002995106656961184	0.003449524185662085	0.00443848604321829	0.004830328861728504	0.007104955549576175	1.61262942492435e-05	0.004422356428112835	4.6734331773379267e-08
G[T>G]C	0.003543656806432409	0.005421006285469048	0.0021277511297375894	0.002989451061150117	0.004397995462204563	0.003148709076922387	0.0010357747727831423	0.0031643678923137485	0.0018091631486729653
G[T>G]G	0.0074021497252397235	0.004369588554254733	0.00462775677216996	0.005194721995467262	0.007499330719001591	0.006296548758400604	0.0044213338159170236	0.005919933136319742	0.0060519698029384015
G[T>G]T	0.001829128543042286	0.0037836412782780828	0.0039743385423207656	0.00397974241990596	0.002885583472379949	0.001188553828624208	0.002594385057994657	0.0022722700000444717	0.0017706496126747595
T[C>A]A	0.002294348155410262	0.004464658729266375	0.003182872524845717	0.005479055163664037	0.009358650599606335	0.003371274170312992	0.01586843905970454	0.01648060992360115	0.029178698640316726
T[C>A]C	0.0014550542777396914	0.004490811214491259	0.0013199882167828038	0.002163146672376115	0.004852213498672712	0.0024536337809333386	0.012364289235556498	0.019787631779909134	0.016509270309470594
T[C>A]G	0.0020159232239893754	0.0053710377682000396	0.0038101975263271017	0.0023900760381366125	0.005656078157480806	0.005113602604251355	0.006762822758901166	0.00648589254822582	0.006952383746393025
T[C>A]T	0.000391592725345329	0.0033800940082664966	0.0020695100169906343	0.0021893555767761655	0.007996718761569354	0.005998673480935395	0.019206105233170092	0.015316503969370388	0.02272826730273664
T[C>G]A	0.0067077525076456365	0.008711329953512177	0.0099390072748065	0.008983765938319265	0.009500395520590246	0.008384858232457191	0.006954440817806322	0.00810762629029341	0.0018876333587150285
T[C>G]C	0.006217606591526419	0.005286765238270164	0.008487287261523306	0.007140887036366621	0.005046959159808466	0.008181575844646431	0.005492169568315148	0.006840204924810678	0.004548084498383105
T[C>G]G	0.004295576743939422	0.007047929435225058	0.00887238863379423	0.008317626060452311	0.0064247696299571545	0.005303443010671174	0.0002100688184652366	0.0009763485441409082	0.004724174559895147
T[C>G]T	0.00561298898071982	0.004030678467606776	0.006553291226737201	0.007671482933219522	0.006834330349229276	0.006434182402445004	0.009580252289306373	0.004039589364547283	0.004388459952315316
T[C>T]A	0.017514103455469013	0.01632173154503107	0.01479604306165129	0.01327564164530486	0.011243415845092386	0.014129584031179547	0.015085783414106118	0.0030070780144887976	0.02177296008914709
T[C>T]C	0.020826179403811693	0.017102735452353954	0.017938392362557353	0.014317026247736066	0.011163153848610819	0.019542659167200327	0.010923774044495077	0.01335962466429919	0.011774577805772424
T[C>T]G	0.01751651959028095	0.02800475126132369	0.022455031387507915	0.020618698308244348	0.015179982990957797	0.022344466159120203	0.01564070788328536	0.0016472853487107544	0.018351472481153906
T[C>T]T	0.024890996050089598	0.02270210058428347	0.02073148002848029	0.02436824856325984	0.02420908285304904	0.024655072670429944	0.017006855602376164	0.018713281974196434	0.012245111331121734
T[T>A]A	0.0029028205160284413	0.004806940946145914	0.003561848816316342	0.003089101458317841	0.0014494183960158192	0.0027021076290839117	0.008063344187471113	0.005580665920861066	0.004032666275251842
T[T>A]C	0.0023269210947910323	0.0024424900562735274	0.0024912967193078117	0.002080958396109054	0.002110110144894861	0.0036688122735358776	0.0031913158255366626	0.0014928121790580917	0.008089749660575763
T[T>A]G	0.004452416563872248	0.002449518349894788	0.003761143167503178	0.00261452137689048	0.0016944582290307152	0.002090352952654939	0.01131301413755864	0.0030629035411417344	0.0052577594109123995
T[T>A]T	0.0021208473342994695	0.002831123527357704	0.0023871434210741426	0.0028796135792072165	0.002791467451457019	0.0032323477434692905	0.0015465578324432095	0.0023484809085493907	0.008813560801582411
T[T>C]A	0.017908753184601663	0.017198184374719858	0.020535129979252817	0.02344556541182101	0.01889110719319433	0.012708293963223696	0.013446534376125783	0.009971049508312717	0.00974216018919833
T[T>C]C	0.02135008279234171	0.02324969876091927	0.026839375542476774	0.028738570222631096	0.02676573393167928	0.019157996163703502	0.016174801760353148	0.01533578472211957	0.010714295779325766
T[T>C]G	0.019048081310465932	0.0076884281165989134	0.0057513489508619385	0.008216218785382806	0.00732168739545159	0.006563514105801005	0.013379758049268275	0.006651501305168494	0.01003459620202193
T[T>C]T	0.030309173427522183	0.03196966155664995	0.033494139816612006	0.03591672236099839	0.03225552109070122	0.027156366631388665	0.022684523651842026	0.016457496241200714	0.023949689818546175
T[T>G]A	0.00665269453660585	0.0067087732549373415	0.0032985292295757136	0.006099136095726863	0.006109010512041237	0.008240446008276194	0.0016612822611460842	0.010995862989220768	2.1643909586895692e-08
T[T>G]C	0.0045310276589589195	0.00463188737848327	0.00616699542326387	0.006276204315945506	0.007870734799653292	0.00386403768357809	0.00026039678193684246	0.010338005246594548	0.0015266171971583399
T[T>G]G	0.010923537090420724	0.011617739866487682	0.011434029806405305	0.013798899459652602	0.009359002234250761	0.011688187480904161	0.004242782175661915	0.004098557762918062	0.0014663689049391236
T[T>G]T	0.004861579980935077	0.004509115723199599	0.007764972618315369	0.006388806250179187	0.006078557961154729	0.006315864588832483	0.008017839345848187	0.008992091789841651	0.007297242062040397
