MutationType	SBS96A	SBS96B	SBS96C	SBS96D	SBS96E	SBS96F	SBS96G	SBS96H	SBS96I	SBS96J
A[C>A]A	0.0015374776164538474	0.004158830406831568	0.0007542510654425332	0.00281637472989633	0.003493653160285253	0.011380238835699856	0.020493230540305375	0.022902352064847947	0.03872202718630433	0.01435965756420046
A[C>A]C	0.0013280622842960278	0.0021186938515740925	0.001999341468108474	0.0014040543112627314	0.0008141917929691722	0.002423829093604978	0.007271375821661649	0.0063552767341025175	0.017136994767934084	0.009237973544513807
A[C>A]G	0.001891399691290303	0.0041213394072838125	0.0031995059415930883	0.006015967531129718	0.004963454453391023	0.002277560501982615	0.004206033216175273	0.008524556389311329	0.013251891820691525	0.006961851412197575
A[C>A]T	0.00042922419107093655	0.004239237178117037	0.0010497627631597195	0.0017251927866163896	0.0016606260454890447	0.001775938389598637	0.007967126761504914	0.007603683097986504	0.01796788881532848	0.015835126750171184
A[C>G]A	0.004346899834927171	0.005040109043475241	0.003407854587712791	0.004351559657370671	0.003773005955312101	0.004740015870193019	0.006538953110575676	0.005278767021581148	0.0025066937452356795	0.007724816750269383
A[C>G]C	0.003298511806339377	0.003536837997962721	0.003396584595198533	0.0047071237862110135	0.0032302648840413896	0.005061517282156274	0.00607297028887956	0.0013545028906557554	0.002330951315088896	0.0015004174203037568
A[C>G]G	0.0022201444250944963	0.0046000182877631345	0.005533664399990812	0.003192986825950504	0.004581639287561643	0.005645897825015709	0.0030829432883184337	0.0025803012226885613	0.00014984696381361572	5.243855408565423e-08
A[C>G]T	0.002105648783472134	0.003574275339342421	0.002322064001346007	0.0024362629849201765	0.0024277972488562227	0.0010809942662672256	0.0009438100881379797	0.0040603183853241374	0.003368075009493623	0.003316530932733386
A[C>T]A	0.02397366091609001	0.010364976497876342	0.01978869332931936	0.020766192013397813	0.020246025193482637	0.015740119041875004	0.010926205327850767	0.018059141465928404	0.010424034881871193	0.023384412182495
A[C>T]C	0.01779886055737734	0.012045080782845616	0.014146397875156253	0.014687017733231188	0.013765916359552648	0.014025247697718441	0.008425054361578078	0.014420368922874332	0.007828233018517494	0.00971104490221478
A[C>T]G	0.030092715211212637	0.023236474613659085	0.027517426321282984	0.031982108457013964	0.029661338850855826	0.03310602115467191	0.025203379346057774	0.018575250660069285	0.014347655563615263	0.019385757958516478
A[C>T]T	0.022379836533218622	0.020488036265596747	0.022944030640646814	0.025408223643898963	0.02300923887407407	0.02611524160951376	0.011640481522772462	0.010619699757080525	0.00717551130335778	0.018801306262612342
A[T>A]A	0.0023179700781474823	0.0025195271860915802	0.0021198405765647976	0.0030612754345929714	0.005077423575567081	0.0033740205490903463	0.0041690478735836225	0.0011610548815059474	0.004857294291432481	0.0017788992240172518
A[T>A]C	0.0005948540694499453	0.0012191031723598788	0.0013751019081138772	0.002404560765437509	0.001867156944435351	0.004473416000255383	0.0012007206854843155	0.00698294092515141	0.0005988308350773508	0.0013250375589835529
A[T>A]G	0.002431110590824676	0.004744674398971256	0.0036903334996895867	0.008330366727896034	0.006258089348557405	0.009479523079935461	0.00282235048532452	0.010527892127865925	0.011424069073982537	0.0013692911139158248
A[T>A]T	0.0008685949919156164	0.001213232024238101	0.0031932553937076592	0.0036896675343450623	0.002399634354223963	0.0041518851974979044	0.0012947147033264628	0.006163380731349228	0.0036186917216400618	0.010142453541149052
A[T>C]A	0.02208422531373799	0.03234088430181146	0.024075402012094856	0.02743915962986648	0.02970012154430151	0.025483284341171385	0.025728602781891822	0.012848249905509875	0.014735059440135955	0.015457070576958358
A[T>C]C	0.018443585047498344	0.02133599583990872	0.01747667071642354	0.024873452810570598	0.01755039016716182	0.018030937155708672	0.02416157891973853	0.006815760899335146	0.011234496361576021	0.006247127039823681
A[T>C]G	0.028828268740326166	0.017176248258911075	0.012105860185110942	0.01681838516611606	0.010473938168142922	0.011823650161968544	0.013756405443418772	0.013360982397571206	0.007556685305899009	0.011252151720691472
A[T>C]T	0.029565369663760065	0.03673839841037989	0.03328369949012995	0.026883759372867643	0.029429507106542588	0.037850290481001136	0.03321020191535354	0.016147175333462657	0.01205336065380834	0.011746191862039268
A[T>G]A	0.0026426178155816164	0.004900308459764346	0.0038477438579138834	0.0030463146308404277	0.0006779166212176946	0.004821195895638084	0.0038404803816229106	0.007141775632626377	0.00560754815582186	0.004257363547593549
A[T>G]C	0.0029354794903338186	0.004766512962523848	0.004329395350481775	0.005590062924893573	0.0013341818138361413	0.0014619323193255694	0.0023901407132093547	5.394040396566879e-08	0.00841435867594555	4.968546891248593e-08
A[T>G]G	0.00479397157207344	0.006435870120197066	0.005846973850857466	0.008228879244998098	0.005258110583527014	0.003935178307001479	0.006453077205515001	0.0013327943675980126	0.00474150427035056	0.004523794122751373
A[T>G]T	0.0021601531079795703	0.00420874977047788	0.003814128254307434	0.0018422674754037872	0.0032297530985670162	0.0035626826362567953	0.003280460967507679	0.0013711090603676368	0.002284499911693274	0.0014206615989890636
C[C>A]A	0.005569375165505335	0.008416915584948583	0.008952039321884512	0.010131781226373277	0.008165476944595866	0.010734358930494636	0.018730384436203167	0.025467873262241484	0.05226736959069967	0.02727868063375354
C[C>A]C	0.004431061397408485	0.009006801820360124	0.003917343122156877	0.009227353712485637	0.008046970454743133	0.007471566507302902	0.011323587212245911	0.02192191789858043	0.043727529272437095	0.009661860606865958
C[C>A]G	0.012819740683771669	0.01584823925048113	0.016131419889861717	0.019136314908973873	0.01375275145120611	0.013028174141072667	0.012846303852275014	0.005492211551172659	0.02963472193107009	0.008174586656969041
C[C>A]T	0.0020958201401096712	0.004711704475485021	0.0071216426037426575	0.003425238915952	0.010441589883703273	0.010197324815671892	0.010507672841777093	0.014635375682264567	0.03453901257365942	0.011346556945354677
C[C>G]A	0.004896030193194747	0.0020569544282989225	0.0022235272189069376	0.002586471133749413	0.0013577597596209712	0.0017529929646116216	0.001921395866374951	0.00627517641056329	0.0035245148109970615	0.00624145502475578
C[C>G]C	0.006750446781516075	0.0025210121226645656	0.002633966359680926	0.0022908564427415205	0.001839850660668354	0.0028773798092151994	0.0012791893677250705	0.0012776726228544532	0.0013098068555700592	0.0016965388247454172
C[C>G]G	0.012542025102302432	0.00927570720304999	0.008227849557297304	0.009547738684341311	0.004754652591325339	0.004152973644668236	0.007520556857343763	0.001446686325672699	0.0024192522655357607	0.0015861207092355567
C[C>G]T	0.0024890162734664046	0.0018303541009663605	0.002009406131078191	0.0020641548560161025	0.0013218647730126232	0.0010240698328016155	0.0007215738465424692	0.0047699979950525774	0.0011236783824279883	0.008922457547159866
C[C>T]A	0.02428079997189343	0.017471755729056893	0.021385474987328054	0.020076205884106458	0.021246299259364606	0.02874748807400465	0.01877990665845573	0.02894905786961317	0.009373857358004898	0.024241213954519482
C[C>T]C	0.02206812085583806	0.021210951963439584	0.021391760036349298	0.020438880017027258	0.018576079225167633	0.016396619989536704	0.020822002086788416	0.027029681038111448	0.015184300523251294	0.019313727794215082
C[C>T]G	0.029272144855931402	0.033760452028363946	0.03633173163980245	0.04082003423944116	0.0429447309486568	0.041491175889968875	0.0275833844486624	0.029974710382521152	0.028616618108935656	0.026087606400251387
C[C>T]T	0.03278919067233801	0.04049944948405027	0.04130031930282712	0.033177798166871074	0.03726191440597176	0.04435520626604557	0.033238702258095144	0.020713013764470815	0.019006116811651735	0.012920548601541668
C[T>A]A	0.0047950512299348705	0.0028236647386438206	0.004085111546085045	0.007470094285090454	0.0027704922931281423	0.0050813867358203875	0.004168922504177317	0.0013523846111130756	0.00605021484545432	0.0011719560908798954
C[T>A]C	0.005989680024795234	0.0035857688724290427	0.005023317147279158	0.006001187782967463	0.005953026154311374	0.005329319699667394	0.006341870734468102	0.007211251900298521	0.008443910598289221	0.01102170170051977
C[T>A]G	0.017979681980796157	0.015604249420575797	0.013587472888175398	0.017927006920799612	0.015492530050687492	0.015155211160890757	0.010936356107704341	0.011055253713857382	0.01286740520503372	0.004667343223799447
C[T>A]T	0.004105796018266119	0.00540751036785245	0.003502924980712123	0.0037506205790492687	0.003285285726597067	0.001897286772629469	0.003480654447339475	0.0014822041634884276	0.0014330113366669988	0.008688550371443853
C[T>C]A	0.016118498750729487	0.023513240609318017	0.01431165804293414	0.01814477402760531	0.01940364549867809	0.016489290311001242	0.021845340146683156	0.010645734556019306	0.011841309634037315	0.006352153894258663
C[T>C]C	0.014054727447219193	0.01608245431270916	0.013373290919698775	0.01604685727506876	0.012678632009774447	0.02273230379447341	0.013364025873597711	0.026588533595204352	0.013427452081814409	0.01330081643536687
C[T>C]G	0.024551286716014146	0.017379790749400853	0.01714775085449219	0.01004103778058834	0.011000777797307819	0.015907386648468674	0.006590259556469391	0.016918140654452143	0.015105520677752792	0.01107412566896528
C[T>C]T	0.02686472676694393	0.032031347174197436	0.0302523064147681	0.029484078446403147	0.03216930463910103	0.029553122967481613	0.03065060181543231	0.019661145294085147	0.01735044482164085	0.014789671250618995
C[T>G]A	0.0030972230163752103	0.0022571022118804463	0.0007774758820071975	0.0026305784694568503	0.00298037322354503	0.002918511942552868	0.0017180013603137923	0.0026646102560817296	0.0009425589277393697	0.0017266298076981457
C[T>G]C	0.006865181848406792	0.0035611534505733287	0.004767805489827879	0.0018326813544131098	0.0016408716282862367	0.0007705305852141464	0.0053286843492125514	0.0025351584730158726	0.0025978261436102913	0.003265351234035303
C[T>G]G	0.01190411918098107	0.008490125740645454	0.003987305662792907	0.004284847787494073	0.0035006323406196315	0.0009487871002056636	0.0046818207151955	0.0042306313367323515	0.0036755920848372623	0.0015389527920205027
C[T>G]T	0.0031605394798680207	0.004058647335623391	0.002136074626679803	0.0040694196271942925	0.002763610492730777	0.0014438300991605501	0.001712598517209365	9.239797869042831e-08	0.001386832876742119	8.018875043092066e-08
G[C>A]A	0.005086894556661718	0.008388602010527393	0.0079414364285185	0.005614367395173759	0.005869783814705443	0.009255648309263051	0.019777719196863473	0.024190251419786365	0.03475750725716353	0.04027526283636689
G[C>A]C	0.001691273258066279	0.0019503654081824617	0.0033223689566489077	0.002469642530800922	0.007505339287454262	0.007681832568778191	0.0129236080753617	0.032261675391346216	0.028203646233305336	0.045199494324624535
G[C>A]G	0.00845203402848405	0.01311362891457975	0.015690779015421867	0.014046415374614298	0.008528477757354267	0.007865504556172196	0.013756007163319737	0.00942812489811331	0.019150976962409912	0.006518443828681484
G[C>A]T	0.0011708495201306973	0.004403514491277747	0.004158231738315763	0.002855297083449102	0.005359272700297879	0.005314679049194859	0.00901926212827675	0.01917167818173766	0.017148262728005646	0.031135267382487654
G[C>G]A	0.005423437622957863	0.005236901828320697	0.004505978851199756	0.0050835454999469225	0.006892266962374265	0.00394898803147953	0.007126270639710128	1.7879941829335166e-08	0.005489375265897252	0.002985891584781024
G[C>G]C	0.005440360807915568	0.00311555801492414	0.006654130933457054	0.006837377275805922	0.004216121923182072	0.004231346678570844	0.007816659993259235	0.004164625556441024	0.003881160025775898	0.003004090732473621
G[C>G]G	0.005489209801037304	0.005555071096750908	0.006552189539229687	0.007021188981598243	0.007296061422675848	0.0073405925993574785	0.0062132613477297125	1.1831788482299035e-08	0.006092625064775347	0.0031989805346547585
G[C>G]T	0.0027193486053147353	0.0018945994067689753	0.0014059035755053639	0.003972230127255898	0.0025737232978701743	0.002583096512244083	0.0023350772177236196	0.005222844256786629	0.0033796268980950117	0.009738027395214885
G[C>T]A	0.019590937960892917	0.012144199481699616	0.014037971906363965	0.011425046188523993	0.014309543673880399	0.016765419729053974	0.01017226135591045	0.024470541337504984	0.007502513686195042	0.02334630406461656
G[C>T]C	0.017681408624630423	0.012370789319102187	0.020079793254844845	0.01227758807479404	0.019755118619650604	0.021977227875031532	0.009720565530940348	0.0396280518732965	0.01582137929741293	0.03803266976028681
G[C>T]G	0.027680542171001434	0.01434174672467634	0.03073354057967663	0.029931737510487437	0.02519812934566289	0.01761331210844219	0.02621120943222195	0.020630732267163693	0.01264818238094449	0.02923750562593341
G[C>T]T	0.028680489286780356	0.022276885631715242	0.035465284790843724	0.027321598008275032	0.027606670362874865	0.02834489058703184	0.025297915870323776	0.01686348523478955	0.008647426893003286	0.012941117726732045
G[T>A]A	0.003396864146925509	0.0021346383460331708	0.0026514114662899145	0.0031181513212504798	0.003389558368944563	0.002355861401410948	0.0036743129554088227	0.00585627187625505	0.004227602576138452	0.0034019742218826467
G[T>A]C	0.0015465746443814794	0.0009630126338966545	0.003105160636669817	0.0022364402352832258	0.003326802279916592	0.0013902428701840109	0.003890252412529662	0.0023782968970549236	0.0021832826634636147	0.006566749754988876
G[T>A]G	0.005998274302110076	0.007253355488937813	0.010842922008596361	0.006335995116969571	0.00875496694818139	0.003236638396156195	0.0056105530601053034	0.010939235989935696	0.008546269598882645	0.012827761238440871
G[T>A]T	0.0010652054595266236	0.001408740472392349	0.0033237999409908552	0.002798622994450852	0.001984804991225246	0.0017996670737920795	0.0016529806243246981	0.005881604917573355	0.0047450364218093455	0.006287422530749751
G[T>C]A	0.016191137991845607	0.016568343401886523	0.012942666239105165	0.012242887895554303	0.013347226101905108	0.01363928206032142	0.01740252271061763	0.008278772225603461	0.005310025956059689	0.0077309068187605585
G[T>C]C	0.013643509375397116	0.016328437477350233	0.014145087611395865	0.009661991800530813	0.012207154394127428	0.011832583374343812	0.009734176851343363	0.007240468801464886	0.009349821370560675	0.009652229731436819
G[T>C]G	0.018630271507427097	0.005827542182087202	0.005386795603699286	0.008356875261717684	0.009212841553671752	0.012009970666840673	0.004775104134401447	0.007392926436150447	0.006487447051331401	0.011227497389772906
G[T>C]T	0.029282800210639833	0.038882209956645965	0.03111624627839774	0.024997210623696448	0.028810058142989873	0.019546433249488473	0.03191374915651977	0.011043082328978927	0.01228476797696203	0.00661309112329036
G[T>G]A	0.0036859352745506157	0.004999993090168573	0.0030861395992781127	0.003352995036984794	0.003141245001752395	0.007488791970536113	0.004692090086755343	6.192116129177805e-08	0.004193943465361371	6.272721434941176e-08
G[T>G]C	0.0034176216380888036	0.002767890508931501	0.005868811917025596	0.002168266639068517	0.0033191647342118813	0.002976477386255283	0.004268114417592415	0.0010061672037238979	0.003327490842784755	0.001690163010212613
G[T>G]G	0.007224947595968843	0.006595056557562202	0.004693715909662472	0.004998071307200007	0.003571003194592777	0.006408828428247943	0.007359339885879308	0.0043995351344347	0.00587466471362859	0.006442044022260234
G[T>G]T	0.0016902507944178068	0.003698510024114512	0.003598385484365281	0.003874777396558784	0.0038193002698244526	0.001215890242747264	0.0026606241738772953	0.0026668551282943297	0.0023673894516105065	0.0017423780431433044
T[C>A]A	0.0018781892588595	0.006030738657482288	0.0038174554953880196	0.0022976372717776073	0.006848977900517639	0.0038467216492495027	0.009826153120957314	0.015622397740371526	0.017151685962453485	0.030117708137258888
T[C>A]C	0.001570268274663249	0.002128482952531456	0.0043431844425504094	0.001406328472724167	0.0033805535936721237	0.00264286081117464	0.004948071007386677	0.012635079986648635	0.02071312482468784	0.016006002267822624
T[C>A]G	0.002103410631607403	0.002061334278987488	0.004978046415490098	0.003940175406188888	0.0034435325372032823	0.005501838947529905	0.006343697806587442	0.006712370850145817	0.006875855645630508	0.00656060095061548
T[C>A]T	0.0005901957501861042	0.0016872614112951622	0.0029780412086881335	0.0015939942566681863	0.004237550969419317	0.006666218993777875	0.009367820707848296	0.01985884165391326	0.016220691446214915	0.022432252299040556
T[C>G]A	0.006631290880031884	0.008512370081152767	0.008347645869944244	0.009962720822077244	0.00907712136860937	0.00835009070346132	0.009532813567202538	0.006888054735027254	0.007952747175004334	0.001787029019587827
T[C>G]C	0.005954305683262646	0.007116362262750044	0.005366510630119592	0.008859309477265924	0.005948316106805578	0.008476857370696962	0.005088603687909199	0.005336166963679716	0.006505977774504572	0.004777696764144475
T[C>G]G	0.004692497227428021	0.005887764959188644	0.005432516217393868	0.008422407569596543	0.011009855874181938	0.004648038013268661	0.006420044241539884	1.8918400130907287e-08	0.00090807721098827	0.004726710621109742
T[C>G]T	0.005381824899523054	0.008368946649716236	0.003774986107455334	0.0064995765742787625	0.005826299758628011	0.0067029476398602125	0.006364632471231744	0.009289277559146285	0.004037059088295792	0.0046645287680439655
T[C>T]A	0.0179043888207525	0.01233671143418178	0.016781323812901972	0.015638730460777878	0.013917252733372153	0.014380024811252952	0.01248266271315515	0.015525801065377891	0.003214245875522459	0.02164806643500924
T[C>T]C	0.02212815155275166	0.012174024081323296	0.01618747596628964	0.017033657683059575	0.01985883990302682	0.018854963667690752	0.011641272695269435	0.010708949510008097	0.013321338915266096	0.011229300181148573
T[C>T]G	0.01784744189120829	0.017030288022360764	0.026574071198701858	0.021865651234984396	0.026044294778257607	0.02126042149029672	0.016055700789727324	0.016028584933374078	0.0016633159590128343	0.01789476129692048
T[C>T]T	0.024874665159732103	0.025312761506065727	0.023305818950757385	0.020011868099682032	0.02206317444331944	0.02439684107899666	0.02422431672923267	0.01671603632159531	0.018502508904784918	0.012208922936115413
T[T>A]A	0.003197827513795346	0.002378416731589823	0.0043348931096261365	0.003022832637652755	0.004813466388150119	0.0025375404422811696	0.0013613687964370968	0.008661305341161985	0.005712505494011566	0.003536096605050929
T[T>A]C	0.0022959636971063447	0.0020420559287629204	0.0027215732574802586	0.002822507274440989	0.0014400474262401986	0.004131225156597793	0.0021904940747397763	0.003077338571448607	0.001589409718872048	0.008948233543196692
T[T>A]G	0.004596873804694042	0.0026170865970198067	0.0025774551898939536	0.003690575404907577	0.0033836691110627724	0.0019072043591717531	0.0018957387941190972	0.01275666563771665	0.0030925912769453135	0.004434493145161866
T[T>A]T	0.0020550704398192465	0.0024679013305649276	0.002475603826023928	0.0019454281005899076	0.0038583224892499855	0.003307093899784377	0.0030984649318270387	0.001394558683149505	0.002365983137715375	0.009435204452602193
T[T>C]A	0.01663813990075141	0.024699708130210638	0.018051950675435365	0.020714314263314007	0.018187820604071023	0.01266608280595392	0.017581609380431473	0.013138130996376276	0.009502720462623983	0.009996240891050548
T[T>C]C	0.020225693830288948	0.02920284863561392	0.023717891117557885	0.028120588371530177	0.023482692120596768	0.018598904395475985	0.025848425421863795	0.016108918208628892	0.014474721280857921	0.010938594134058803
T[T>C]G	0.019342098999768496	0.010490907400962897	0.009062050995476625	0.005400003628901398	0.00710730544931721	0.006319556921662297	0.007019329502363689	0.014138962188735605	0.006381084001623094	0.009529710608767346
T[T>C]T	0.02998420925810933	0.034866228736937045	0.03165154794231057	0.031294746762141584	0.03603474354371428	0.0262804138334468	0.031682207528501746	0.022451962786726655	0.01630865943385288	0.0238071343395859
T[T>G]A	0.006606764342868701	0.007011879623432833	0.007220524247968569	0.002616363466474974	0.00525036220322363	0.00822762000374496	0.005613581257571809	0.0015059301356822408	0.010907979947514832	1.8900989626757792e-08
T[T>G]C	0.004592482185114477	0.006603456381708383	0.004185713001069189	0.00565769819659181	0.006513537202280872	0.0034984978527063506	0.007370516828520408	1.9854567068211536e-08	0.01006285594543442	0.0016505344927255606
T[T>G]G	0.010497712502256036	0.013671084153465927	0.010916798119433224	0.010259456878993661	0.014101589500442345	0.011245360183529556	0.008583540644031018	0.00396627261939166	0.0038054978163563646	0.0015125137585316217
T[T>G]T	0.004971455811755739	0.006553027085028589	0.004091220749542117	0.007617876206059009	0.005943538540741429	0.006452527469955385	0.006282146617304534	0.007877121053170413	0.00892388792708516	0.0075545899721328165
