MutationType	SBS96A	SBS96B	SBS96C	SBS96D	SBS96E	SBS96F	SBS96G	SBS96H	SBS96I	SBS96J
A[C>A]A	2.88E-04	5.22E-04	1.86E-04	3.25E-04	3.83E-04	5.29E-04	9.06E-04	5.82E-04	6.05E-04	5.10E-04
A[C>A]C	1.55E-04	2.19E-04	1.50E-04	1.43E-04	1.24E-04	2.01E-04	3.86E-04	2.90E-04	3.47E-04	3.51E-04
A[C>A]G	1.43E-04	2.54E-04	1.71E-04	2.25E-04	2.33E-04	1.63E-04	3.06E-04	3.68E-04	2.95E-04	3.18E-04
A[C>A]T	7.01E-05	2.49E-04	1.33E-04	1.74E-04	1.82E-04	1.82E-04	4.45E-04	3.04E-04	3.61E-04	5.44E-04
A[C>G]A	1.37E-04	2.07E-04	1.85E-04	2.00E-04	1.92E-04	2.07E-04	2.13E-04	2.81E-04	1.33E-04	3.39E-04
A[C>G]C	1.50E-04	1.93E-04	1.67E-04	2.12E-04	1.83E-04	2.21E-04	2.02E-04	1.31E-04	1.34E-04	1.51E-04
A[C>G]G	1.37E-04	2.11E-04	2.08E-04	2.25E-04	2.08E-04	2.16E-04	1.90E-04	1.78E-04	3.23E-05	6.81E-09
A[C>G]T	1.08E-04	1.53E-04	1.65E-04	1.49E-04	1.48E-04	1.03E-04	1.35E-04	2.29E-04	1.67E-04	2.31E-04
A[C>T]A	4.38E-04	4.40E-04	5.23E-04	5.52E-04	4.57E-04	4.58E-04	5.31E-04	5.43E-04	3.16E-04	6.01E-04
A[C>T]C	2.50E-04	3.42E-04	4.01E-04	3.25E-04	3.70E-04	3.12E-04	3.06E-04	4.92E-04	2.52E-04	4.14E-04
A[C>T]G	3.41E-04	4.96E-04	5.74E-04	4.84E-04	4.76E-04	4.62E-04	6.08E-04	4.20E-04	3.33E-04	5.43E-04
A[C>T]T	3.15E-04	4.32E-04	4.81E-04	4.84E-04	4.94E-04	5.19E-04	4.71E-04	4.25E-04	3.13E-04	5.26E-04
A[T>A]A	1.05E-04	1.49E-04	1.53E-04	1.84E-04	1.85E-04	1.61E-04	1.65E-04	1.22E-04	1.86E-04	1.72E-04
A[T>A]C	7.65E-05	1.26E-04	1.34E-04	1.48E-04	1.28E-04	1.87E-04	1.19E-04	3.29E-04	7.09E-05	1.46E-04
A[T>A]G	1.97E-04	2.92E-04	2.71E-04	2.99E-04	2.66E-04	3.09E-04	3.14E-04	4.16E-04	3.08E-04	1.53E-04
A[T>A]T	9.40E-05	1.31E-04	1.85E-04	2.05E-04	1.52E-04	1.89E-04	1.86E-04	2.83E-04	1.56E-04	4.04E-04
A[T>C]A	5.01E-04	5.11E-04	6.29E-04	6.09E-04	5.02E-04	4.71E-04	6.27E-04	4.71E-04	4.01E-04	4.89E-04
A[T>C]C	3.42E-04	4.28E-04	5.59E-04	4.49E-04	4.14E-04	4.15E-04	5.92E-04	2.88E-04	3.58E-04	3.28E-04
A[T>C]G	4.29E-04	5.79E-04	5.42E-04	5.45E-04	4.24E-04	4.03E-04	5.33E-04	4.15E-04	2.91E-04	4.11E-04
A[T>C]T	5.09E-04	6.61E-04	5.97E-04	5.89E-04	5.84E-04	6.42E-04	7.02E-04	5.60E-04	3.76E-04	4.72E-04
A[T>G]A	1.38E-04	1.81E-04	2.39E-04	2.22E-04	1.05E-04	2.15E-04	2.09E-04	3.26E-04	2.14E-04	2.38E-04
A[T>G]C	1.32E-04	2.14E-04	2.13E-04	2.05E-04	1.20E-04	1.24E-04	2.48E-04	5.46E-09	2.40E-04	5.61E-09
A[T>G]G	1.66E-04	2.51E-04	2.33E-04	2.30E-04	1.90E-04	1.98E-04	2.29E-04	1.34E-04	1.65E-04	2.67E-04
A[T>G]T	1.14E-04	1.55E-04	1.50E-04	1.38E-04	1.63E-04	1.65E-04	1.75E-04	1.43E-04	1.24E-04	1.66E-04
C[C>A]A	3.27E-04	4.77E-04	3.97E-04	4.02E-04	4.07E-04	4.13E-04	8.76E-04	6.26E-04	5.95E-04	6.80E-04
C[C>A]C	2.64E-04	5.00E-04	3.18E-04	4.48E-04	4.21E-04	4.46E-04	7.98E-04	6.01E-04	5.14E-04	3.44E-04
C[C>A]G	2.90E-04	4.25E-04	4.51E-04	3.72E-04	4.09E-04	4.21E-04	5.57E-04	2.89E-04	4.77E-04	3.27E-04
C[C>A]T	2.00E-04	3.87E-04	3.60E-04	3.15E-04	4.22E-04	3.50E-04	6.26E-04	4.96E-04	4.02E-04	4.23E-04
C[C>G]A	1.24E-04	1.33E-04	1.88E-04	1.69E-04	1.29E-04	1.31E-04	1.33E-04	3.06E-04	1.64E-04	3.16E-04
C[C>G]C	1.40E-04	1.53E-04	1.67E-04	1.56E-04	1.45E-04	1.55E-04	1.09E-04	1.35E-04	9.77E-05	1.40E-04
C[C>G]G	1.99E-04	2.87E-04	2.86E-04	2.79E-04	2.16E-04	2.12E-04	2.88E-04	1.53E-04	1.57E-04	1.65E-04
C[C>G]T	9.40E-05	1.22E-04	1.61E-04	1.15E-04	1.18E-04	1.08E-04	9.93E-05	3.06E-04	9.72E-05	4.30E-04
C[C>T]A	3.23E-04	4.92E-04	4.69E-04	4.37E-04	4.42E-04	5.12E-04	5.09E-04	5.69E-04	2.58E-04	6.47E-04
C[C>T]C	2.88E-04	4.13E-04	4.53E-04	4.62E-04	4.35E-04	3.40E-04	4.41E-04	5.40E-04	3.41E-04	5.80E-04
C[C>T]G	4.86E-04	5.96E-04	5.79E-04	7.01E-04	5.49E-04	5.72E-04	6.25E-04	6.60E-04	5.35E-04	6.56E-04
C[C>T]T	4.55E-04	5.39E-04	5.92E-04	5.78E-04	6.67E-04	6.06E-04	6.12E-04	5.17E-04	4.16E-04	4.97E-04
C[T>A]A	1.93E-04	2.22E-04	2.44E-04	2.88E-04	2.10E-04	2.17E-04	1.91E-04	1.45E-04	2.12E-04	1.52E-04
C[T>A]C	1.58E-04	2.00E-04	2.21E-04	2.23E-04	1.98E-04	1.96E-04	2.59E-04	3.14E-04	2.61E-04	3.66E-04
C[T>A]G	2.79E-04	3.89E-04	3.50E-04	4.13E-04	4.20E-04	3.52E-04	3.22E-04	4.37E-04	3.44E-04	2.80E-04
C[T>A]T	1.28E-04	1.93E-04	1.66E-04	1.60E-04	2.06E-04	1.21E-04	1.82E-04	1.50E-04	1.09E-04	3.57E-04
C[T>C]A	3.78E-04	3.71E-04	4.42E-04	5.59E-04	4.66E-04	3.77E-04	4.68E-04	3.43E-04	3.30E-04	3.36E-04
C[T>C]C	2.99E-04	4.43E-04	3.77E-04	4.06E-04	4.46E-04	4.40E-04	4.44E-04	7.23E-04	3.46E-04	4.30E-04
C[T>C]G	4.14E-04	5.60E-04	4.93E-04	4.62E-04	4.14E-04	3.81E-04	4.25E-04	5.83E-04	4.17E-04	4.99E-04
C[T>C]T	3.34E-04	5.31E-04	5.68E-04	4.83E-04	4.02E-04	5.37E-04	5.84E-04	4.95E-04	3.89E-04	4.69E-04
C[T>G]A	9.43E-05	1.38E-04	8.49E-05	1.72E-04	1.63E-04	1.50E-04	1.29E-04	1.79E-04	7.76E-05	1.74E-04
C[T>G]C	1.71E-04	2.13E-04	1.94E-04	1.81E-04	1.51E-04	9.68E-05	2.25E-04	1.96E-04	1.50E-04	2.42E-04
C[T>G]G	2.77E-04	3.26E-04	2.69E-04	2.49E-04	1.87E-04	1.17E-04	2.42E-04	2.61E-04	1.74E-04	1.49E-04
C[T>G]T	1.13E-04	1.53E-04	1.45E-04	1.63E-04	1.58E-04	1.16E-04	1.12E-04	5.42E-09	1.02E-04	7.06E-09
G[C>A]A	2.61E-04	4.17E-04	3.80E-04	3.40E-04	3.71E-04	4.13E-04	7.54E-04	6.14E-04	5.06E-04	8.21E-04
G[C>A]C	3.00E-04	2.80E-04	3.69E-04	2.74E-04	3.47E-04	3.92E-04	6.61E-04	6.63E-04	5.66E-04	7.86E-04
G[C>A]G	2.74E-04	3.90E-04	4.11E-04	3.90E-04	3.31E-04	3.10E-04	3.76E-04	3.81E-04	3.46E-04	3.28E-04
G[C>A]T	1.35E-04	3.28E-04	3.17E-04	2.25E-04	3.28E-04	3.28E-04	4.14E-04	4.60E-04	3.85E-04	6.97E-04
G[C>G]A	1.47E-04	2.00E-04	2.48E-04	1.97E-04	2.46E-04	1.93E-04	2.26E-04	3.62E-09	2.01E-04	2.11E-04
G[C>G]C	2.06E-04	2.20E-04	2.57E-04	2.73E-04	2.31E-04	2.06E-04	3.02E-04	2.06E-04	1.72E-04	2.31E-04
G[C>G]G	1.48E-04	2.09E-04	2.30E-04	2.30E-04	2.24E-04	2.41E-04	2.42E-04	5.47E-09	1.98E-04	2.24E-04
G[C>G]T	1.05E-04	1.40E-04	1.37E-04	1.83E-04	1.41E-04	1.55E-04	1.42E-04	2.55E-04	1.49E-04	4.16E-04
G[C>T]A	2.94E-04	4.21E-04	4.12E-04	3.97E-04	4.14E-04	3.88E-04	3.45E-04	5.34E-04	3.42E-04	6.44E-04
G[C>T]C	3.55E-04	4.80E-04	6.51E-04	4.59E-04	6.28E-04	6.41E-04	6.18E-04	7.41E-04	4.44E-04	7.88E-04
G[C>T]G	5.80E-04	6.15E-04	7.17E-04	6.62E-04	6.74E-04	5.45E-04	8.58E-04	5.17E-04	4.17E-04	7.46E-04
G[C>T]T	4.39E-04	5.74E-04	5.56E-04	6.16E-04	6.30E-04	4.06E-04	7.51E-04	4.82E-04	3.50E-04	4.66E-04
G[T>A]A	1.24E-04	1.30E-04	1.44E-04	1.56E-04	1.70E-04	1.54E-04	1.72E-04	3.06E-04	1.53E-04	2.36E-04
G[T>A]C	1.24E-04	9.31E-05	1.54E-04	1.54E-04	1.84E-04	1.13E-04	1.99E-04	1.95E-04	1.20E-04	3.38E-04
G[T>A]G	2.10E-04	3.23E-04	3.11E-04	3.13E-04	3.03E-04	2.20E-04	3.30E-04	4.02E-04	2.59E-04	4.94E-04
G[T>A]T	7.26E-05	1.18E-04	1.97E-04	1.67E-04	1.61E-04	1.44E-04	1.46E-04	2.60E-04	1.71E-04	3.00E-04
G[T>C]A	2.40E-04	3.71E-04	3.32E-04	3.26E-04	3.71E-04	3.36E-04	4.18E-04	3.37E-04	2.47E-04	3.21E-04
G[T>C]C	3.09E-04	3.40E-04	3.62E-04	3.49E-04	3.59E-04	3.57E-04	3.67E-04	3.52E-04	3.07E-04	3.80E-04
G[T>C]G	3.15E-04	3.68E-04	3.27E-04	3.82E-04	3.94E-04	3.47E-04	3.08E-04	3.70E-04	2.38E-04	3.99E-04
G[T>C]T	4.81E-04	5.13E-04	6.56E-04	6.34E-04	6.42E-04	4.69E-04	7.71E-04	4.46E-04	3.55E-04	3.11E-04
G[T>G]A	1.38E-04	1.86E-04	1.81E-04	2.06E-04	1.70E-04	1.99E-04	2.27E-04	7.17E-09	1.60E-04	6.90E-09
G[T>G]C	1.51E-04	1.70E-04	2.00E-04	1.77E-04	1.85E-04	1.68E-04	1.94E-04	1.19E-04	1.44E-04	1.91E-04
G[T>G]G	1.45E-04	2.51E-04	2.08E-04	2.29E-04	1.93E-04	2.10E-04	2.67E-04	2.19E-04	2.02E-04	3.44E-04
G[T>G]T	1.06E-04	1.51E-04	1.66E-04	1.70E-04	1.83E-04	1.16E-04	1.57E-04	2.06E-04	1.39E-04	1.81E-04
T[C>A]A	1.33E-04	2.98E-04	2.63E-04	2.32E-04	2.88E-04	2.75E-04	4.01E-04	4.91E-04	3.81E-04	6.43E-04
T[C>A]C	1.65E-04	2.37E-04	2.32E-04	1.77E-04	2.44E-04	2.07E-04	4.01E-04	4.35E-04	3.63E-04	5.06E-04
T[C>A]G	1.35E-04	1.66E-04	1.77E-04	2.27E-04	1.85E-04	2.18E-04	2.56E-04	2.57E-04	2.14E-04	3.16E-04
T[C>A]T	1.75E-04	1.98E-04	2.40E-04	1.81E-04	2.61E-04	2.82E-04	4.30E-04	4.91E-04	3.62E-04	6.36E-04
T[C>G]A	1.74E-04	2.67E-04	2.81E-04	2.34E-04	2.74E-04	2.26E-04	2.87E-04	3.05E-04	2.23E-04	1.88E-04
T[C>G]C	1.79E-04	2.27E-04	2.19E-04	2.67E-04	2.35E-04	2.68E-04	2.47E-04	2.89E-04	1.93E-04	2.20E-04
T[C>G]G	2.02E-04	2.92E-04	2.76E-04	3.19E-04	3.06E-04	2.20E-04	2.95E-04	3.86E-09	1.06E-04	3.04E-04
T[C>G]T	1.61E-04	2.42E-04	2.12E-04	2.60E-04	2.35E-04	2.23E-04	2.28E-04	3.55E-04	1.78E-04	2.99E-04
T[C>T]A	2.62E-04	3.41E-04	3.50E-04	3.80E-04	3.32E-04	3.07E-04	4.41E-04	4.66E-04	2.25E-04	5.90E-04
T[C>T]C	3.37E-04	3.47E-04	4.30E-04	3.89E-04	4.55E-04	4.70E-04	3.20E-04	4.39E-04	3.48E-04	4.08E-04
T[C>T]G	3.68E-04	5.27E-04	4.67E-04	4.63E-04	5.47E-04	4.61E-04	5.95E-04	4.66E-04	1.99E-04	6.20E-04
T[C>T]T	2.69E-04	4.48E-04	4.05E-04	4.48E-04	4.29E-04	4.10E-04	3.57E-04	5.23E-04	4.12E-04	4.93E-04
T[T>A]A	1.32E-04	1.59E-04	1.82E-04	1.76E-04	2.19E-04	1.74E-04	1.55E-04	3.61E-04	1.95E-04	2.37E-04
T[T>A]C	9.58E-05	1.30E-04	1.61E-04	1.54E-04	1.16E-04	1.60E-04	1.36E-04	2.24E-04	1.16E-04	3.52E-04
T[T>A]G	1.46E-04	1.41E-04	1.84E-04	2.00E-04	2.02E-04	1.39E-04	1.72E-04	3.98E-04	1.63E-04	2.64E-04
T[T>A]T	9.15E-05	1.39E-04	1.46E-04	1.45E-04	1.57E-04	1.43E-04	1.74E-04	1.38E-04	1.27E-04	4.09E-04
T[T>C]A	3.81E-04	3.89E-04	4.44E-04	5.13E-04	4.55E-04	3.46E-04	5.20E-04	4.66E-04	3.43E-04	3.80E-04
T[T>C]C	4.15E-04	5.31E-04	5.57E-04	5.16E-04	4.75E-04	4.29E-04	5.45E-04	4.99E-04	3.22E-04	4.61E-04
T[T>C]G	3.61E-04	4.50E-04	3.69E-04	3.46E-04	2.92E-04	2.93E-04	2.97E-04	5.31E-04	2.50E-04	3.87E-04
T[T>C]T	3.76E-04	5.11E-04	5.85E-04	5.77E-04	5.60E-04	5.17E-04	6.05E-04	5.71E-04	4.54E-04	6.25E-04
T[T>G]A	1.95E-04	2.77E-04	2.71E-04	2.00E-04	2.35E-04	2.65E-04	2.47E-04	1.44E-04	2.45E-04	4.15E-09
T[T>G]C	1.66E-04	2.30E-04	2.16E-04	2.24E-04	2.17E-04	1.79E-04	2.47E-04	4.66E-09	2.54E-04	1.57E-04
T[T>G]G	2.08E-04	2.73E-04	3.23E-04	3.18E-04	3.40E-04	2.88E-04	3.15E-04	2.40E-04	1.95E-04	1.48E-04
T[T>G]T	1.87E-04	2.27E-04	2.18E-04	2.56E-04	2.90E-04	2.43E-04	2.57E-04	3.58E-04	2.32E-04	3.12E-04
