Mutation Types	HDF_FS1_p25	HDF_FS1_p35	HDF_FS1_p45	HDF_FS1_p55	HDF_FS1_p65	HDF_Fm2_p25	HDF_Fm2_p35	HDF_Fm2_p45	HDF_Fm2_p55	HDF_Fm2_p65	NU01_US2_p23	NU01_US2_p25
A[C>A]A	31	36	41	73	23	83	142	111	440	355	9	16
A[C>A]C	19	10	15	46	7	37	59	43	225	201	6	5
A[C>A]G	33	9	38	85	20	32	77	31	399	341	4	6
A[C>A]T	19	10	18	47	11	41	83	43	192	177	10	6
A[C>G]A	32	13	32	100	17	8	78	32	579	453	5	4
A[C>G]C	28	12	31	83	13	6	61	30	442	386	1	1
A[C>G]G	39	13	27	91	16	1	63	17	410	359	0	2
A[C>G]T	21	4	18	48	10	9	47	9	293	250	2	3
A[C>T]A	149	43	135	445	77	30	221	81	2591	2193	15	13
A[C>T]C	110	36	102	334	52	22	200	60	1993	1649	6	10
A[C>T]G	222	84	216	645	112	42	402	148	3610	3131	12	13
A[C>T]T	181	64	169	528	87	24	318	84	2868	2292	12	8
A[T>A]A	20	9	21	70	17	10	51	24	334	254	1	1
A[T>A]C	14	10	18	33	8	2	23	9	182	132	1	5
A[T>A]G	41	24	53	99	25	27	87	27	518	446	1	7
A[T>A]T	26	11	24	48	12	9	29	13	260	188	6	4
A[T>C]A	205	66	192	598	110	40	455	140	2960	2665	10	9
A[T>C]C	150	47	159	444	69	30	322	122	2339	2130	4	5
A[T>C]G	112	33	121	406	47	23	262	81	2667	2365	7	9
A[T>C]T	262	92	213	722	112	36	526	174	3704	3331	8	12
A[T>G]A	32	13	26	70	6	14	70	23	409	349	3	5
A[T>G]C	32	5	32	78	7	19	65	18	413	377	0	0
A[T>G]G	48	11	49	129	21	12	93	36	655	605	3	1
A[T>G]T	27	9	17	72	12	6	58	17	313	293	1	1
C[C>A]A	88	38	80	175	44	115	206	125	1085	865	17	17
C[C>A]C	56	28	67	148	36	96	183	83	832	687	6	16
C[C>A]G	128	38	121	328	56	68	255	87	1820	1514	5	4
C[C>A]T	64	31	41	113	40	75	128	76	551	496	7	10
C[C>G]A	21	6	20	60	8	9	39	15	444	415	4	4
C[C>G]C	20	7	18	92	8	4	43	10	509	499	1	1
C[C>G]G	63	12	62	201	21	8	130	41	1215	1150	1	1
C[C>G]T	17	4	16	33	7	4	29	8	309	254	6	3
C[C>T]A	175	72	158	484	84	30	307	115	2858	2430	15	20
C[C>T]C	174	49	153	433	76	41	328	120	2728	2310	12	19
C[C>T]G	298	106	283	797	160	73	540	182	4177	3577	16	21
C[C>T]T	318	111	255	787	141	53	591	190	4510	3775	8	15
C[T>A]A	33	13	43	92	12	14	58	25	572	513	1	1
C[T>A]C	44	16	42	108	25	21	80	40	722	612	7	5
C[T>A]G	117	39	120	353	60	32	244	74	2066	1818	3	8
C[T>A]T	31	6	27	79	14	5	70	19	520	449	5	1
C[T>C]A	136	45	134	364	72	31	329	110	2142	1911	4	7
C[T>C]C	124	57	126	300	55	36	250	83	1942	1641	8	18
C[T>C]G	131	41	94	377	48	38	247	62	2350	2176	7	12
C[T>C]T	245	78	214	621	121	46	481	168	3561	3131	9	14
C[T>G]A	12	8	19	48	11	3	38	10	312	292	1	2
C[T>G]C	32	4	18	90	8	7	57	27	600	553	2	2
C[T>G]G	38	5	35	148	15	10	113	26	1049	934	1	3
C[T>G]T	19	4	25	62	11	4	50	11	369	336	0	0
G[C>A]A	78	34	59	161	34	80	184	112	903	825	25	17
G[C>A]C	49	29	36	96	37	68	108	81	466	397	28	24
G[C>A]G	111	25	92	272	36	45	201	80	1345	1132	4	7
G[C>A]T	48	20	33	69	27	41	95	59	432	365	19	13
G[C>G]A	39	11	35	117	24	13	88	37	658	584	2	0
G[C>G]C	46	12	41	140	18	10	70	39	659	559	2	3
G[C>G]G	50	18	47	148	26	15	97	36	709	625	2	0
G[C>G]T	16	8	24	61	12	9	40	16	329	278	6	4
G[C>T]A	116	44	96	345	59	25	208	70	2087	1747	14	18
G[C>T]C	159	60	111	393	80	43	237	81	2166	1846	23	28
G[C>T]G	221	51	186	610	98	37	310	150	3273	2744	19	15
G[C>T]T	248	70	192	662	105	27	375	145	3619	2902	8	12
G[T>A]A	24	7	22	69	13	10	45	21	380	327	2	4
G[T>A]C	22	5	15	52	12	6	28	20	243	195	4	2
G[T>A]G	77	13	49	161	33	23	112	39	869	750	8	9
G[T>A]T	24	6	19	40	9	12	30	14	240	193	4	4
G[T>C]A	108	36	95	343	52	16	242	88	1789	1635	5	6
G[T>C]C	111	32	83	265	47	24	220	60	1669	1483	6	5
G[T>C]G	56	30	66	236	35	17	129	38	1581	1450	7	5
G[T>C]T	242	56	189	632	108	36	518	163	3706	3215	4	8
G[T>G]A	29	17	28	86	12	10	74	24	467	427	0	0
G[T>G]C	36	8	19	88	12	8	51	23	418	380	1	1
G[T>G]G	42	16	39	140	16	15	102	40	770	688	4	3
G[T>G]T	28	4	25	57	14	6	50	17	332	288	1	2
T[C>A]A	44	17	31	87	30	41	111	59	483	419	19	11
T[C>A]C	35	12	18	58	17	46	64	40	324	268	10	9
T[C>A]G	37	15	30	87	15	16	55	34	385	320	4	5
T[C>A]T	34	22	26	58	22	38	71	55	266	257	14	14
T[C>G]A	68	23	66	178	34	20	132	52	931	864	1	5
T[C>G]C	50	21	58	155	24	16	112	32	780	680	3	4
T[C>G]G	47	12	51	157	36	4	94	33	676	577	3	0
T[C>G]T	45	18	49	122	24	11	113	35	730	650	3	6
T[C>T]A	128	38	111	354	56	14	207	74	2050	1739	13	11
T[C>T]C	128	47	120	401	73	34	235	81	2413	1977	7	7
T[C>T]G	195	54	153	463	94	11	276	97	2529	2104	11	11
T[C>T]T	186	64	157	528	85	48	385	135	3055	2453	8	12
T[T>A]A	33	8	24	73	18	13	47	16	429	364	2	6
T[T>A]C	22	10	20	66	8	5	38	14	290	261	6	2
T[T>A]G	25	7	27	85	14	9	49	15	474	391	3	10
T[T>A]T	21	9	16	65	14	7	43	18	288	241	6	1
T[T>C]A	153	37	144	409	68	27	328	98	2190	2037	6	10
T[T>C]C	194	53	184	552	90	40	406	135	2716	2485	7	12
T[T>C]G	77	20	54	213	33	18	161	47	1751	1600	6	9
T[T>C]T	260	75	227	701	133	46	516	173	3797	3439	15	16
T[T>G]A	54	20	30	144	20	24	106	36	718	671	0	1
T[T>G]C	39	11	40	104	24	22	100	40	634	553	1	0
T[T>G]G	90	29	77	250	49	12	185	51	1335	1199	1	3
T[T>G]T	42	19	51	131	24	22	104	37	657	616	5	6
