MutationType	SBS96A	SBS96B	SBS96C	SBS96D	SBS96E	SBS96F	SBS96G	SBS96H
A[C>A]A	0.0006431599918206208	0.0024292438073966385	0.0009192313966045426	0.008266553888097406	0.014647851885092678	0.021000177110545516	0.03857310619205236	0.017068080452736466
A[C>A]C	0.0013127017469395242	0.000970123545102517	0.0015444360608237518	0.0016012717554986012	0.0049226246005855505	0.0063081328920088706	0.016737752240151168	0.009514044747920707
A[C>A]G	0.002061502965666613	0.005780415424378588	0.0041689274237432985	0.0027895810687186893	0.003441591411260428	0.0073067943623755125	0.013222087230533362	0.007206546426750719
A[C>A]T	0.0005661893871697066	0.0020534166137804277	0.0012583062031318048	0.0015809307563177232	0.006221521141414996	0.00703131596732419	0.017918609539046882	0.013847303786315024
A[C>G]A	0.004251876439811894	0.0045116893807426095	0.0037486139312386513	0.004416539276426192	0.0061143506306689235	0.005068453651620075	0.0025036531809018926	0.0073348140460439025
A[C>G]C	0.0031647784233791755	0.00426211479541962	0.0034938606893353983	0.004723702743649483	0.005718417208408937	0.0018102656695365483	0.002417958020523656	0.001661679887045704
A[C>G]G	0.0027011681874591887	0.00394118615010683	0.00532033939534017	0.0050812337745446716	0.004444555708905682	0.003082189058676903	0.0001381040184723581	9.793452752612452e-05
A[C>G]T	0.0023139619947505708	0.002761433825507993	0.002528632483736146	0.0012112438497570112	0.0013629198284252197	0.003891095060537424	0.0034994543541688474	0.0030111541034689537
A[C>T]A	0.022420289870351554	0.01802171104820445	0.018672687145881356	0.017869908702559768	0.008442429071583319	0.018379672907758503	0.009593091256683693	0.024539524791762232
A[C>T]C	0.01750367211177945	0.013196962154470384	0.013620501295663416	0.014145979827735572	0.009401936127105728	0.014545230778167025	0.007871997936163097	0.009975116199348122
A[C>T]G	0.029090586407110094	0.029718357659876345	0.0279086790420115	0.03373868422582746	0.025236913980916143	0.020847405148670076	0.014529313403181731	0.01943123236298561
A[C>T]T	0.022901939544826746	0.024550312059000136	0.022415466299280526	0.026610216517001392	0.014559484389610588	0.01313314316677861	0.00715557632734999	0.016737089506350458
A[T>A]A	0.001820087295846946	0.003569281297677662	0.0030687274012598208	0.0037082033874520446	0.004278297036653385	0.0016472854105761669	0.004745064881863072	0.0017556239181842415
A[T>A]C	0.000481113846349146	0.002073762578511378	0.001269745603890442	0.003812096736817239	0.001468787423240632	0.00603434311116942	0.0005633961824075229	0.0017446882708859234
A[T>A]G	0.0021067308538708553	0.007815112837124615	0.004170529176917626	0.008800478568882681	0.003368512476738534	0.01053197582359414	0.01144145469646901	0.0017190824874925425
A[T>A]T	0.0008384852875087745	0.0028027148509863764	0.002875930582631554	0.0037484662237693557	0.0006395079936555704	0.005926785406190902	0.0033202437043655664	0.009171681385487318
A[T>C]A	0.023226056639105083	0.030296326074749233	0.027330304961651564	0.026615518033504485	0.03010857377201319	0.014256746317259967	0.01562727571465075	0.014162255187984555
A[T>C]C	0.018724933294579388	0.024084929004311563	0.018289701528847218	0.018610722641460596	0.025316072218120097	0.008149550797534176	0.011847052904777229	0.006384468239266425
A[T>C]G	0.02788920250721276	0.015533301618415863	0.010343380475870845	0.012102766377211083	0.013686930008698256	0.013440260109491646	0.008279400765895844	0.011383519161026924
A[T>C]T	0.0308862233068794	0.029867826662957668	0.03265448808670044	0.03612304714042693	0.0381966994702816	0.018640034259296955	0.0127351951925084	0.011427396758808755
A[T>G]A	0.0032612985913874582	0.0027599655113954213	0.0027840925740019885	0.0035633118989623134	0.004075447193899891	0.007040054388344288	0.006011513949051733	0.00406137611851129
A[T>G]C	0.0034802763704510653	0.004870456760982051	0.0035813503502431844	0.001939904428728647	0.0030104569403920324	0.0002327220918404116	0.008651536162942649	4.120722874922933e-08
A[T>G]G	0.005199290127493441	0.0073965554952155795	0.0062934264342766255	0.004427416475703012	0.006662775136064738	0.0016374140230935553	0.004783879752503708	0.004157862051591579
A[T>G]T	0.002507493331534647	0.0025091622736363207	0.003670661112992093	0.0034373171037259454	0.004197699192445725	0.0016560040488288019	0.0022977311684940103	0.0013120741168815276
C[C>A]A	0.005344207109883428	0.00839623162522912	0.008485314738354646	0.009050543320772703	0.013163263308815659	0.024657330873887984	0.05132914587855339	0.027875916184857488
C[C>A]C	0.004667860312038101	0.009114450358320028	0.005080956277670339	0.006454293418458947	0.009498786238837056	0.02010573453269899	0.0435064191929996	0.010762525422032923
C[C>A]G	0.01353371878620237	0.01794597984291613	0.016023226934485137	0.013880652201478369	0.013578690267167985	0.007531198130766654	0.029681931408122184	0.007395211138064042
C[C>A]T	0.0017931822612400573	0.0038886013616614436	0.008080883842194454	0.009015898762736469	0.008493733823161164	0.014903584595303982	0.033370500206947325	0.01296248369384557
C[C>G]A	0.00475975502980873	0.0018373728403287615	0.0013919596651976462	0.0016858475697517866	0.001252214498235844	0.005485396130524372	0.0035436122326063923	0.006358621349181775
C[C>G]C	0.00626904618460685	0.0022850271975039505	0.0018645476296330799	0.002777037839841796	0.0014759710310318043	0.001677301803016249	0.0013179116027012938	0.0015219165027046343
C[C>G]G	0.012547617899253965	0.009217810805421323	0.007205475958180614	0.004624508152483031	0.008148171753855422	0.0017229259941039033	0.0027476490853587166	0.0014943618159531536
C[C>G]T	0.0025674773257924246	0.0017625754032451373	0.0015187302052800079	0.0011887912820202472	0.0006667471734181163	0.004415639911491099	0.0010411196647469255	0.007288121689634863
C[C>T]A	0.023359249103814362	0.018706426818389445	0.019620038103312254	0.027142548244446518	0.018244230207055807	0.02934388888068497	0.008821249429020113	0.02552386321127415
C[C>T]C	0.02220545425079763	0.020467518884688615	0.02110391641035676	0.016654990958049894	0.02040929116308689	0.024511455791071057	0.015713353157043457	0.02013307120651007
C[C>T]G	0.02932579694315791	0.04092712616547942	0.03875580405816436	0.04256011938676238	0.03071821426972747	0.03201788605190813	0.028262707917019726	0.025594091129023583
C[C>T]T	0.03437297485768795	0.03546131728217006	0.040586069794371724	0.042788882069289685	0.039212269484996794	0.024618184929713606	0.019766379399225115	0.012306893033673987
C[T>A]A	0.004726252271211706	0.005484135031583719	0.0033981235899545937	0.005154067791590933	0.0034345565372944976	0.002267393669912061	0.006287450019735843	0.0012644078752162358
C[T>A]C	0.005467304125195369	0.005080867869255598	0.0049810408262419515	0.005763718681409955	0.0048454893915914	0.007192663931054995	0.008074311432428658	0.011144837252795697
C[T>A]G	0.01785021021962166	0.017770028235390783	0.013900869791395962	0.015559594999067484	0.013100021108984948	0.012095963745377959	0.013126495718024671	0.004753042503800202
C[T>A]T	0.004505800384213217	0.004246777556254529	0.003495900641428307	0.002155708768805198	0.003964109785738401	0.0016752671472821667	0.0015479487350436758	0.006906780931167304
C[T>C]A	0.016192671013996005	0.020834516426548363	0.017050389046780766	0.016661854353733362	0.024626279827207328	0.01138346808264032	0.012583727181190624	0.0064408994300394085
C[T>C]C	0.014089164147153497	0.015412720497697591	0.012726555216358975	0.01971988659352064	0.0144176355144009	0.025647975970059633	0.013974800487048925	0.013586314436979592
C[T>C]G	0.024509755549952387	0.010489126689499244	0.01371247502422193	0.014777911989949644	0.009280879909638315	0.01785662247100845	0.015169508487451822	0.010767435146262869
C[T>C]T	0.027495233491063118	0.03074659937992692	0.03153857107274234	0.03046818164177239	0.03420454619452357	0.02016636253334582	0.017956779710948466	0.014975695242173969
C[T>G]A	0.002751206500688568	0.0027474287085351534	0.0012422037285818987	0.0030952501264982857	0.0019513981888303533	0.002897030736362467	0.0009657992396739825	0.001785621510503148
C[T>G]C	0.006693665301427245	0.0017436871202880866	0.00345465243794024	0.0009763071515772027	0.004289803959545679	0.0025980409811145935	0.0027521260040521156	0.0038307101655232793
C[T>G]G	0.011985005969181657	0.005285737967824389	0.0038865943959004944	0.001374314250162415	0.0052425172697985545	0.003929200645605047	0.004143970609875396	0.001570677048995215
C[T>G]T	0.0032878051570151	0.004258277674671263	0.002435284139921521	0.0018415019182430115	0.0025312629762549933	0.0002720634358471408	0.0015339466985460604	6.775265351421922e-08
G[C>A]A	0.005446871963795274	0.005146936950040981	0.006737868402269669	0.007392083410377381	0.014067805592559069	0.021967247059801593	0.03414155272766948	0.038659418448805806
G[C>A]C	0.0009421967602216013	0.0019524032993851453	0.0038048950188866604	0.00647623638418736	0.006132696244167239	0.027411971222609282	0.02678831403143704	0.045030483491718766
G[C>A]G	0.009850883814506233	0.013349936676677316	0.014196823029778897	0.008207297009357717	0.013362547187134623	0.009215671472063605	0.01965954958461225	0.006836936577456072
G[C>A]T	0.0013230965424084217	0.0029305242042028112	0.004487431438174099	0.004511877276672749	0.006157750817926626	0.016644789702259005	0.01673299747519195	0.028901487020775676
G[C>G]A	0.005473842470673844	0.00509273471951019	0.005601575987238903	0.004672074031550438	0.007180344705702737	0.0007659266090930306	0.0053873630095040426	0.0029241717545678723
G[C>G]C	0.005319373810198158	0.005465566163038604	0.005973807069240138	0.004752663624822162	0.005931715886690654	0.004208177259791732	0.003859384782690154	0.003981116899706585
G[C>G]G	0.005484959435416385	0.007352596606360748	0.006676561191561632	0.007502984615275637	0.0063752468582075035	0.0008000630819788235	0.006199287613853812	0.002851525009337266
G[C>G]T	0.00249285523139406	0.003266704175621271	0.0015691582049112184	0.002802565930724086	0.0013865968831487407	0.004795686344092118	0.003211603819800075	0.009112534059677274
G[C>T]A	0.01866089638322592	0.011298423551488667	0.013075133266393096	0.015999519526958467	0.008858958028722554	0.02347199338953942	0.007149572398629971	0.023745651366189124
G[C>T]C	0.016992221353575587	0.012330955051584169	0.018143690628930925	0.020737830042198768	0.008166911112083204	0.03667452068068087	0.014620960220927372	0.038782120235264304
G[C>T]G	0.026258523473516107	0.025348206986673175	0.029841516176238658	0.020792901448439805	0.02038323405198753	0.019357852940447628	0.011862204445933458	0.032560593364760276
G[C>T]T	0.02883106445893645	0.026147457817569376	0.0333802368491888	0.02945213595405221	0.025652661700733007	0.01781291504856199	0.008756064008921385	0.013899902771227062
G[T>A]A	0.0030387773021357135	0.002912450808798894	0.002785680618544575	0.002337901602732018	0.0029694172061863356	0.00524128449611851	0.004094262983417138	0.004001458015198764
G[T>A]C	0.0014268945323419758	0.0019657783403090436	0.0034769944709842093	0.0018624882694348343	0.002440100724052172	0.0020583017334650498	0.0019740199297666548	0.007074433135643687
G[T>A]G	0.006646880789776333	0.006435424122028053	0.01085841104388237	0.004013209349941462	0.005335298530262662	0.009903909825952724	0.008314822840038687	0.012850170824676752
G[T>A]T	0.0011681063043579342	0.002217188401409658	0.0029585028771543873	0.0018292609503259881	0.0010155062504418311	0.004954313451598864	0.004560125744901598	0.006086133673956127
G[T>C]A	0.01604914235882461	0.01321517580654472	0.013805515738204122	0.013377062268555165	0.018050263235345483	0.008742285766638816	0.0055437930196058005	0.008108814269071445
G[T>C]C	0.014535340974107384	0.01174586869776249	0.013603458954021335	0.011644915936049074	0.012211324223317206	0.008191833100281655	0.009677097836975007	0.008794331728713587
G[T>C]G	0.016715391678735612	0.007494966115045827	0.004977025584511807	0.0117279939702712	0.004073651285283119	0.009178656647272875	0.006081621372140944	0.01103538831579499
G[T>C]T	0.03074700938537717	0.030036958567798137	0.03213226961903274	0.020554759935475887	0.037236059810966254	0.01279081680579111	0.013520451850490644	0.006491911896446254
G[T>G]A	0.0038793839153368026	0.003752054427168332	0.0031094435746490488	0.006379823614337283	0.005531168391462416	0.0007950419406388572	0.004328668928937986	3.885862629005032e-08
G[T>G]C	0.0035992330596491227	0.0022600780227438077	0.004959747011453146	0.003096177586703561	0.004119729886879213	0.0015258622815413814	0.003286088222521357	0.001748854788693084
G[T>G]G	0.0073571910848841075	0.004920654562010895	0.004052566646132618	0.0059379886492388415	0.00726053643738851	0.004662839574739337	0.005897348717553541	0.0060922460781876
G[T>G]T	0.001955383460444864	0.00407411529275123	0.004140247514587827	0.0015672355559256618	0.0031492698506917806	0.002587126026639055	0.002302936590858735	0.0017385950587076593
T[C>A]A	0.0021136376124393113	0.003195623287818278	0.004850973289576359	0.003821155376253973	0.00764590498409234	0.013834727434441448	0.016643124758265914	0.027846648190170527
T[C>A]C	0.0015801500432724921	0.0009028964815479412	0.0038118354073414817	0.002448282437267153	0.0031156191742138617	0.010985035337507726	0.019802730642259122	0.016258606975898145
T[C>A]G	0.0018815107213595184	0.0033966408141714055	0.004585312089620857	0.004968752517015673	0.004278118159563746	0.0064214584010187535	0.0067095994972623885	0.00744125078432262
T[C>A]T	0.0002906309750100412	0.001782210570984263	0.002703096549300028	0.005023653717944399	0.005310249728936469	0.017300011767074467	0.015677020330913366	0.023266291795298457
T[C>G]A	0.006563013301929459	0.010040950272232294	0.0088684252044186	0.008521372782997787	0.00992423037532717	0.006997215740819626	0.008343491768464446	0.002036044796494938
T[C>G]C	0.005910437924321741	0.008527392535470427	0.005482705179019838	0.00805971390916966	0.005926382510806434	0.006090284213714767	0.006597822144394741	0.0044142868422204625
T[C>G]G	0.004476028279168531	0.009027189170010387	0.007966780634596944	0.006439090708736331	0.0066918361306532856	0.0005352681501219747	0.0009529698215192183	0.004442536421800298
T[C>G]T	0.005466056803124957	0.007123454883694649	0.0045191645717932265	0.00632528590853326	0.007520941006951034	0.008981641748687253	0.004196169686038047	0.004584183668030022
T[C>T]A	0.017125712260603904	0.014212111267261207	0.015436780340969562	0.015216084173880517	0.010976570212515071	0.01528594887815416	0.0028707648964571616	0.021305355336517097
T[C>T]C	0.020577545370906593	0.016346506737172604	0.016433242638595403	0.019625586336478592	0.011647755675949157	0.012573523118626327	0.013191355203744023	0.011664868760854007
T[C>T]G	0.017920230235904454	0.021418898929841817	0.026978086782619357	0.023018279885873197	0.016928942291706335	0.016246478506363928	0.001548707930778619	0.018363261367194354
T[C>T]T	0.02479049265384674	0.021605371246114374	0.023455027034506203	0.0234381454938557	0.025940403137356044	0.017755809295922517	0.018861466255038976	0.012540361061692238
T[T>A]A	0.003079934095731005	0.0031956745410570875	0.00436942899657879	0.002896978693024721	0.0013721696882914181	0.007331101999152451	0.005474770837463438	0.004352284600801504
T[T>A]C	0.002292591813602485	0.0023053815732419023	0.0024134816249716095	0.0034373944137769284	0.001849980879778741	0.00346905094160924	0.0014522325827085192	0.007376070226309821
T[T>A]G	0.004269444814417512	0.003326743224170059	0.0024721680808579547	0.0025093775449922307	0.0012765506228606682	0.009578171717585064	0.0031192645215196535	0.005874045824863856
T[T>A]T	0.002121045550957206	0.002247181540296879	0.00289259041310288	0.003337413765839301	0.002745103860506788	0.0017031105055910344	0.0023465858117560855	0.008208144980017096
T[T>C]A	0.018069650381803512	0.022225049827247857	0.018957382100634277	0.013936583835165947	0.02133977144956589	0.013051277259364724	0.01003326645353809	0.009644846891751513
T[T>C]C	0.02148771649226546	0.02844088541343808	0.025414406303316355	0.020329212970100343	0.02865811463445425	0.01597583637572825	0.01545249966904521	0.011043458462227136
T[T>C]G	0.01842122075147927	0.0058747677886276505	0.007891695979319593	0.006079808911444786	0.0072258781373966486	0.013176070139743389	0.006497484020655975	0.010062553363386541
T[T>C]T	0.03056706825271249	0.034636765625327824	0.03388727068901062	0.028521754331886768	0.03427204875275493	0.022351502580568193	0.016222443147562444	0.023827564120292664
T[T>G]A	0.006735119750956074	0.0034685097723559013	0.006608278384537698	0.007239009702457225	0.006952077249006265	0.0027092815566639493	0.010873787524178623	2.314289752725074e-08
T[T>G]C	0.004685910331900232	0.00658752232149709	0.005282517529706183	0.004282104668246518	0.0074462566501824765	0.0007204664405731176	0.010238965107128024	0.001472713740090299
T[T>G]G	0.010844991072081029	0.012185252078343183	0.012304715151834244	0.01205939386272803	0.011529356278479098	0.004806838507974982	0.004070553505443968	0.0014011613591577543
T[T>G]T	0.0048809033597353845	0.007327159638516605	0.004594492520263884	0.006539074965985492	0.006102506301831454	0.007791189058916643	0.009189530010335147	0.00731698663556017
